"Foveal #FF0000" "Foveal #FFAA00" "Foveal #AAFF00" "Foveal #00FF00" "Foveal #00FFA9" "Foveal #00A9FF" "Foveal #0000FF" "Foveal #AA00FF" "Foveal #FF00AA" "Peripheral #FF0000" "Peripheral #FFAA00" "Peripheral #AAFF00" "Peripheral #00FF00" "Peripheral #00FFA9" "Peripheral #00A9FF" "Peripheral #0000FF" "Peripheral #AA00FF" "Peripheral #FF00AA"
"Foveal #FF0000" 0.342465753424658 4.02054794520548 5.51369863013699 5.57534246575342 5.65068493150685 5.55479452054795 5.72602739726027 4.60958904109589 3.04794520547945 1.23287671232877 4.62328767123288 5.8972602739726 5.98630136986301 6.00684931506849 6.01369863013699 6.24657534246575 5.11643835616438 3.63698630136986
"Foveal #FFAA00" 4.02054794520548 0.63013698630137 3.95205479452055 4.82876712328767 5 5.33561643835616 5.56164383561644 5.17808219178082 4.5958904109589 4.62328767123288 1.45205479452055 4.15068493150685 5.06164383561644 5.21232876712329 5.87671232876712 6.04109589041096 5.6986301369863 5.1986301369863
"Foveal #AAFF00" 5.51369863013699 3.95205479452055 0.479452054794521 1.84931506849315 3.01369863013699 4.39041095890411 5.01369863013699 5.25342465753425 5.52739726027397 5.8972602739726 4.15068493150685 1.23287671232877 2.20547945205479 3.27397260273973 5.03424657534247 5.47260273972603 5.82191780821918 5.84931506849315
"Foveal #00FF00" 5.57534246575342 4.82876712328767 1.84931506849315 0.575342465753425 2.31506849315068 4.10958904109589 4.86986301369863 5.17808219178082 5.42465753424658 5.98630136986301 5.06164383561644 2.20547945205479 1.35616438356164 2.50684931506849 4.64383561643836 5.41095890410959 5.50684931506849 5.92465753424658
"Foveal #00FFA9" 5.65068493150685 5 3.01369863013699 2.31506849315068 0.479452054794521 3.18493150684932 3.78767123287671 4.84931506849315 5.15753424657534 6.00684931506849 5.21232876712329 3.27397260273973 2.50684931506849 1.35616438356164 3.51369863013699 4.42465753424658 5.06164383561644 5.54109589041096
"Foveal #00A9FF" 5.55479452054795 5.33561643835616 4.39041095890411 4.10958904109589 3.18493150684932 0.465753424657534 2.58904109589041 3.87671232876712 4.96575342465753 6.01369863013699 5.87671232876712 5.03424657534247 4.64383561643836 3.51369863013699 1.12328767123288 2.67123287671233 4.45205479452055 5.54109589041096
"Foveal #0000FF" 5.72602739726027 5.56164383561644 5.01369863013699 4.86986301369863 3.78767123287671 2.58904109589041 0.684931506849315 4.1027397260274 5.18493150684932 6.24657534246575 6.04109589041096 5.47260273972603 5.41095890410959 4.42465753424658 2.67123287671233 0.986301369863014 3.94520547945205 5.32876712328767
"Foveal #AA00FF" 4.60958904109589 5.17808219178082 5.25342465753425 5.17808219178082 4.84931506849315 3.87671232876712 4.1027397260274 0.808219178082192 3.33561643835616 5.11643835616438 5.6986301369863 5.82191780821918 5.50684931506849 5.06164383561644 4.45205479452055 3.94520547945205 1.6027397260274 3.33561643835616
"Foveal #FF00AA" 3.04794520547945 4.5958904109589 5.52739726027397 5.42465753424658 5.15753424657534 4.96575342465753 5.18493150684932 3.33561643835616 0.849315068493151 3.63698630136986 5.1986301369863 5.84931506849315 5.92465753424658 5.54109589041096 5.54109589041096 5.32876712328767 3.33561643835616 1.20547945205479
"Peripheral #FF0000" 1.23287671232877 4.62328767123288 5.8972602739726 5.98630136986301 6.00684931506849 6.01369863013699 6.24657534246575 5.11643835616438 3.63698630136986 0.684931506849315 4.28767123287671 5.60958904109589 5.76027397260274 5.72602739726027 5.93835616438356 5.8013698630137 4.96575342465753 3.6986301369863
"Peripheral #FFAA00" 4.62328767123288 1.45205479452055 4.15068493150685 5.06164383561644 5.21232876712329 5.87671232876712 6.04109589041096 5.6986301369863 5.1986301369863 4.28767123287671 0.835616438356164 3.49315068493151 4.58219178082192 4.93835616438356 5.39041095890411 5.84931506849315 5.36986301369863 4.97260273972603
"Peripheral #AAFF00" 5.8972602739726 4.15068493150685 1.23287671232877 2.20547945205479 3.27397260273973 5.03424657534247 5.47260273972603 5.82191780821918 5.84931506849315 5.60958904109589 3.49315068493151 0.575342465753425 1.49315068493151 3.28082191780822 4.98630136986301 5.42465753424658 5.56849315068493 5.70547945205479
"Peripheral #00FF00" 5.98630136986301 5.06164383561644 2.20547945205479 1.35616438356164 2.50684931506849 4.64383561643836 5.41095890410959 5.50684931506849 5.92465753424658 5.76027397260274 4.58219178082192 1.49315068493151 0.73972602739726 2.31506849315068 4.47260273972603 5.06849315068493 5.5 5.56849315068493
"Peripheral #00FFA9" 6.00684931506849 5.21232876712329 3.27397260273973 2.50684931506849 1.35616438356164 3.51369863013699 4.42465753424658 5.06164383561644 5.54109589041096 5.72602739726027 4.93835616438356 3.28082191780822 2.31506849315068 0.589041095890411 3.41780821917808 4.28767123287671 5.08219178082192 5.32191780821918
"Peripheral #00A9FF" 6.01369863013699 5.87671232876712 5.03424657534247 4.64383561643836 3.51369863013699 1.12328767123288 2.67123287671233 4.45205479452055 5.54109589041096 5.93835616438356 5.39041095890411 4.98630136986301 4.47260273972603 3.41780821917808 0.931506849315068 2.5 3.78082191780822 5.3013698630137
"Peripheral #0000FF" 6.24657534246575 6.04109589041096 5.47260273972603 5.41095890410959 4.42465753424658 2.67123287671233 0.986301369863014 3.94520547945205 5.32876712328767 5.8013698630137 5.84931506849315 5.42465753424658 5.06849315068493 4.28767123287671 2.5 0.684931506849315 3.67808219178082 5.04794520547945
"Peripheral #AA00FF" 5.11643835616438 5.6986301369863 5.82191780821918 5.50684931506849 5.06164383561644 4.45205479452055 3.94520547945205 1.6027397260274 3.33561643835616 4.96575342465753 5.36986301369863 5.56849315068493 5.5 5.08219178082192 3.78082191780822 3.67808219178082 0.794520547945205 3.28082191780822
"Peripheral #FF00AA" 3.63698630136986 5.1986301369863 5.84931506849315 5.92465753424658 5.54109589041096 5.54109589041096 5.32876712328767 3.33561643835616 1.20547945205479 3.6986301369863 4.97260273972603 5.70547945205479 5.56849315068493 5.32191780821918 5.3013698630137 5.04794520547945 3.28082191780822 1
